#0 2 3 -1
1 2 3 4 5 -1 -2 -3 -4 -5
1 -1 -1 1 0 0 0 1
100 50 -42 -84

# 100 hodnot sinus od -2*PI do 2*PI
# Created by Octave 3.8.1, Mon Oct 20 23:27:45 2014 CEST <kappa@kappa>
# name: s
# type: matrix
# rows: 1
# columns: 1000
 2.449293598294706e-16 0.01257861783874123 0.02515524538937595 0.03772789267871721 0.05029457036336615 0.06285329004448184 0.07540206458240141 0.08793890841106189 0.1004618378521685 0.1129688714290733 0.1254580301802965 0.1379273379726539 0.150374821813937 0.1627985121650946 0.1751964432518691 0.1875666533758372 0.1999071852248046 0.2122160861825078 0.2244914086375725 0.2367312102916795 0.2489335544668922 0.2610965104120888 0.2732181536084663 0.2852965660740502 0.2973298366671726 0.3093160613888691 0.3212533436841439 0.3331397947420577 0.3449735337945906 0.3567526884142317 0.3684753948102498 0.3801397981235966 0.3917440527203971 0.4032863224839818 0.4147647811054075 0.4261776123724357 0.4375230104569046 0.4487991802004624 0.4600043373986112 0.471136709083018 0.4821945338020478 0.4931760618994744 0.5040795557913246 0.5149032902408126 0.5256455526313213 0.5363046432373823 0.5468788754936279 0.5573665762616425 0.5677660860947081 0.578075759500371 0.5882939652008053 0.598419086390927 0.6084495209942171 0.6183836819162154 0.6282199972956423 0.6379569107531119 0.6475928816373939 0.6571263852691891 0.6665559131823718 0.6758799733626795 0.6850970904837812 0.6942058061407228 0.7032046790806841 0.7120922854310257 0.7208672189245852 0.7295280911221885 0.738073531632339 0.746502188328052 0.7548127275607988 0.7630038343715272 0.7710742126987251 0.7790225855834909 0.7868476953715903 0.7945483039124439 0.802123192755044 0.8095711633407442 0.8168910371929055 0.8240816561033645 0.8311418823156936 0.8380705987052265 0.8448667089558177 0.8515291377333112 0.8580568308556874 0.8644487554598652 0.8707039001651273 0.8768212752331538 0.8827999127246198 0.888638866652356 0.8943372131310273 0.8998940505233183 0.9053084995825967 0.9105797035920355 0.9157068285001692 0.920689063052863 0.925525618921678 0.9302157308286042 0.9347586566671513 0.9391536776197676 0.9434000982715813 0.9474972467204299 0.9514444746831767 0.9552411575982869 0.9588866947246498 0.9623805092366335 0.9657220483153546 0.9689107832361495 0.9719462094522335 0.9748278466745341 0.9775552389476861 0.9801279547221767 0.9825455869226276 0.9848077530122081 0.9869140950531601 0.9888642797634357 0.9906579985694317 0.9922949676548137 0.9937749280054242 0.995097645450266 0.9962629106985543 0.9972705393728327 0.9981203720381463 0.9988122742272691 0.9993461364619809 0.9997218742703887 0.9999394282002937 0.9999987638285974 0.9998998717667489 0.9996427676622299 0.9992274921960794 0.9986541110764564 0.9979227150282433 0.9970334197786902 0.9959863660391044 0.9947817194825852 0.9934196707178107 0.9919004352588768 0.9902242534911986 0.9883913906334727 0.9864021366957145 0.9842568064333687 0.9819557392975067 0.9794992993811165 0.9768878753614926 0.9741218804387363 0.9712017522703763 0.9681279529021188 0.9649009686947388 0.9615213102471256 0.9579895123154888 0.9543061337287487 0.9504717573001115 0.9464869897348523 0.9423524615343186 0.9380688268961658 0.9336367636108461 0.9290569729543627 0.9243301795773085 0.9194571313902055 0.9144385994451658 0.9092753778138882 0.9039682834620163 0.8985181561198671 0.8929258581495687 0.8871922744086039 0.8813183121098069 0.8753049006778129 0.8691529916019989 0.8628635582859311 0.8564375958933459 0.8498761211906866 0.843180172386222 0.8363508089657763 0.8293891115250824 0.8222961815988097 0.815073141486262 0.8077211340738072 0.8002413226540319 0.7926348907416847 0.7849030418864044 0.7770469994822885 0.7690680065743168 0.7609673256616677 0.752746238497955 0.7444060458884189 0.7359480674841034 0.7273736415730486 0.7186841248685384 0.7098808922944286 0.7009653367675975 0.6919388689775461 0.682802917163189 0.6735589268868658 0.664208360805614 0.654752698439735 0.6451934359386935 0.6355320858443843 0.6257701768518058 0.6159092535671795 0.6059508762635482 0.5958966206338978 0.5857480775418394 0.5755068527698902 0.5651745667653927 0.554752854384117 0.544243364631579 0.5336477604021224 0.5229677182158026 0.5122049279531145 0.5013610925876061 0.4904379279164204 0.4794371622888097 0.4683605363326606 0.4572098026790792 0.4459867256850761 0.4346930811543959 0.4233306560565343 0.4119012482439926 0.4004066661678038 0.3888487285913876 0.37722926430277 0.3655501118252192 0.3538131191263386 0.3420201433256687 0.3301730504008368 0.3182737148923086 0.3063240196067836 0.294325855319282 0.282281120473972 0.270191720883782 0.2580595694288502 0.2458865857538503 0.2336746959642526 0.2214258323215593 0.2091419329375676 0.1968249414677053 0.1844768068034923 0.172099482764169 0.1596949277875495 0.1472651046201413 0.1348119800065845 0.1223375243784571 0.1098437115424999 0.09733251836830262 0.08480592447550926 0.07226591192058714 0.0597144648832101 0.04715356935230595 0.03458521281181722 0.02201138392622754 0.009434072225896801 -0.003144732207736243 -0.01572303905704081 -0.02829885808311783 -0.04087019944071169 -0.05343507399305747 -0.06599149362662048 -0.07853747156566952 -0.09107102268664065 -0.1035901638322391 -0.1160929141252299 -0.1285772952818687 -0.1410413319249193 -0.1534830518962162 -0.1659004865687132 -0.1782916711579757 -0.1906546450330643 -0.2029874520267614 -0.2152881407450903 -0.2275547648760823 -0.2397853834977358 -0.251978061385125 -0.2641308693166061 -0.276241884379074 -0.2883091902722218 -0.3003308776117504 -0.3123050442314894 -0.3242297954843708 -0.3361032445422159 -0.3479235126942836 -0.3596887296445357 -0.3713970338075681 -0.3830465726031676 -0.3946355027494407 -0.4061619905544722 -0.4176242122064667 -0.4290203540623265 -0.4403486129346193 -0.451607196376895 -0.4627943229672989 -0.473908222590443 -0.4849471367174875 -0.4959093186843891 -0.5067930339682726 -0.5175965604618784 -0.5283181887460513 -0.5389562223602162 -0.5495089780708058 -0.5599747861375951 -0.5703519905779014 -0.5806389494286055 -0.590834035005958 -0.6009356341631228 -0.6109421485454227 -0.6208519948432434 -0.6306636050425573 -0.6403754266730259 -0.6499859230536466 -0.6594935735358958 -0.6688968737443394 -0.6781943358146661 -0.6873844886291101 -0.6964658780492218 -0.7054370671459531 -0.7142966364270209 -0.7230431840615091 -0.7316753261016782 -0.7401916967019433 -0.7485909483349906 -0.7568717520049917 -0.7650327974578899 -0.7730727933887176 -0.7809904676459173 -0.7887845674326313 -0.7964538595049289 -0.8039971303669403 -0.8114131864628654 -0.8187008543658277 -0.8258589809635433 -0.8328864336407735 -0.8397821004585397 -0.8465448903300605 -0.8531737331933927 -0.8596675801807452 -0.8660254037844385 -0.8722461980194861 -0.8783289785827685 -0.8842727830087775 -0.8900766708219057 -0.8957397236852551 -0.9012610455459444 -0.9066397627768894 -0.9118750243150338 -0.9169660017960134 -0.9219118896852251 -0.9267119054052849 -0.9313652894598541 -0.9358713055538119 -0.9402292407097588 -0.9444384053808288 -0.9484981335597951 -0.9524077828844513 -0.9561667347392507 -0.9597743943531891 -0.9632301908939126 -0.9665335775580414 -0.9696840316576876 -0.97268105470316 -0.9755241724818386 -0.9782129351332084 -0.9807469172200396 -0.9831257177957041 -0.9853489604676164 -0.9874162934567888 -0.9893273896534934 -0.9910819466690196 -0.9926796868835203 -0.9941203574899393 -0.9954037305340125 -0.9965296029503367 -0.9974977965944997 -0.9983081582712682 -0.9989605597588274 -0.9994548978290693 -0.9997910942639261 -0.9999690958677468 -0.9999888744757141 -0.9998504269583004 -0.9995537752217639 -0.9990989662046814 -0.9984860718705224 -0.9977151891962615 -0.9967864401570343 -0.9956999717068377 -0.9944559557552776 -0.9930545891403677 -0.9914960935973848 -0.9897807157237836 -0.9879087269401781 -0.9858804234473959 -0.9836961261796102 -0.9813561807535597 -0.9788609574138615 -0.9762108509744296 -0.9734062807560027 -0.970447690519797 -0.9673355483972903 -0.9640703468161508 -0.9606526024223211 -0.9570828559982709 -0.9533616723774294 -0.9494896403548135 -0.9454673725938636 -0.9412955055295035 -0.9369746992674384 -0.9325056374797074 -0.9278890272965093 -0.9231255991943124 -0.9182161068802741 -0.9131613271729834 -0.9079620598795463 -0.9026191276690342 -0.8971333759423142 -0.8915056726982841 -0.8857369083965296 -0.8798279958164297 -0.8737798699127288 -0.8675934876676017 -0.8612698279392308 -0.854809891306926 -0.8482146999128024 -0.8414852973000503 -0.8346227482478175 -0.8276281386027313 -0.8205025751070877 -0.8132471852237332 -0.8058631169576694 -0.7983515386744062 -0.7907136389150942 -0.7829506262084636 -0.7750637288796015 -0.7670541948555987 -0.7589232914680889 -0.7506723052527244 -0.7423025417456094 -0.7338153252767279 -0.7252119987603975 -0.7164939234827835 -0.7076624788865047 -0.6987190623523678 -0.6896650889782624 -0.6805019913552529 -0.6712312193409034 -0.661854239829868 -0.6523725365217909 -0.6427876096865394 -0.6331009759268214 -0.6233141679382168 -0.613428734266662 -0.6034462390634264 -0.5933682618376207 -0.5831963972062738 -0.5729322546420204 -0.5625774582184376 -0.5521336463530708 -0.5416024715481907 -0.5309856001293203 -0.520284711981579 -0.5095015002838733 -0.4986376712409917 -0.4876949438136348 -0.4766750494464277 -0.4655797317939575 -0.4544107464448778 -0.4431698606441266 -0.4318588530132979 -0.420479513269215 -0.4090336419407466 -0.3975230500839137 -0.3859495589953287 -0.374314999924019 -0.3626212137816671 -0.3508700508513307 -0.3390633704946755 -0.327203040857772 -0.3152909385755028 -0.3033289484746271 -0.2913189632755477 -0.2792628832928307 -0.267162616134522 -0.2550200764003112 -0.2428371853785871 -0.2306158707424402 -0.2183580662446455 -0.2060657114116927 -0.1937407512368979 -0.1813851358726514 -0.1690008203218495 -0.1565897641285581 -0.1441539310679588 -0.1316952888356242 -0.119215808736174 -0.1067174653713596 -0.09420223632762705 -0.08167210186320663 -0.0691290445947846 -0.05657504918379248 -0.04401210202238186 -0.03144219091912087 -0.01886730478446743 -0.00628943331606816 0.006289433316067272 0.01886730478446654 0.03144219091911998 0.04401210202238098 0.0565750491837916 0.06912904459478371 0.08167210186320663 0.09420223632762617 0.1067174653713587 0.1192158087361731 0.1316952888356233 0.1441539310679579 0.1565897641285573 0.1690008203218486 0.1813851358726505 0.193740751236897 0.2060657114116919 0.2183580662446447 0.2306158707424393 0.2428371853785871 0.2550200764003103 0.2671626161345211 0.2792628832928298 0.2913189632755469 0.3033289484746263 0.315290938575502 0.3272030408577711 0.3390633704946747 0.3508700508513299 0.3626212137816662 0.3743149999240181 0.3859495589953279 0.3975230500839129 0.4090336419407458 0.4204795132692141 0.4318588530132971 0.4431698606441258 0.4544107464448771 0.4655797317939567 0.476675049446427 0.487694943813634 0.4986376712409909 0.5095015002838725 0.5202847119815782 0.5309856001293195 0.54160247154819 0.5521336463530701 0.5625774582184369 0.5729322546420197 0.583196397206273 0.5933682618376199 0.6034462390634258 0.6134287342666613 0.6233141679382161 0.6331009759268207 0.6427876096865387 0.6523725365217903 0.661854239829868 0.6712312193409027 0.6805019913552522 0.6896650889782617 0.6987190623523672 0.7076624788865041 0.7164939234827828 0.7252119987603969 0.7338153252767273 0.7423025417456088 0.7506723052527239 0.7589232914680883 0.7670541948555981 0.7750637288796015 0.782950626208463 0.7907136389150936 0.7983515386744057 0.8058631169576689 0.8132471852237327 0.8205025751070872 0.8276281386027309 0.834622748247817 0.8414852973000497 0.8482146999128019 0.8548098913069255 0.8612698279392303 0.8675934876676012 0.8737798699127284 0.8798279958164292 0.8857369083965292 0.8915056726982837 0.8971333759423139 0.9026191276690337 0.9079620598795459 0.913161327172983 0.9182161068802737 0.923125599194312 0.927889027296509 0.9325056374797071 0.936974699267438 0.9412955055295031 0.9454673725938634 0.9494896403548132 0.9533616723774292 0.9570828559982707 0.9606526024223209 0.9640703468161504 0.9673355483972901 0.9704476905197967 0.9734062807560026 0.9762108509744294 0.9788609574138615 0.9813561807535595 0.9836961261796101 0.9858804234473958 0.987908726940178 0.9897807157237835 0.9914960935973847 0.9930545891403676 0.9944559557552775 0.9956999717068377 0.9967864401570342 0.9977151891962615 0.9984860718705224 0.9990989662046814 0.9995537752217638 0.9998504269583004 0.9999888744757141 0.9999690958677468 0.9997910942639262 0.9994548978290694 0.9989605597588275 0.9983081582712683 0.9974977965944998 0.9965296029503368 0.9954037305340127 0.9941203574899394 0.9926796868835203 0.9910819466690197 0.9893273896534935 0.9874162934567892 0.9853489604676166 0.9831257177957045 0.9807469172200397 0.9782129351332084 0.9755241724818389 0.97268105470316 0.9696840316576878 0.9665335775580414 0.9632301908939129 0.9597743943531891 0.9561667347392513 0.9524077828844516 0.9484981335597956 0.944438405380829 0.9402292407097594 0.9358713055538123 0.9313652894598541 0.9267119054052853 0.9219118896852251 0.9169660017960137 0.9118750243150338 0.9066397627768897 0.9012610455459449 0.8957397236852559 0.8900766708219061 0.8842727830087784 0.8783289785827689 0.872246198019487 0.8660254037844389 0.8596675801807452 0.8531737331933932 0.8465448903300605 0.8397821004585403 0.8328864336407735 0.8258589809635437 0.8187008543658282 0.8114131864628665 0.8039971303669408 0.7964538595049299 0.7887845674326318 0.7809904676459184 0.7730727933887181 0.7650327974578899 0.7568717520049922 0.7485909483349906 0.7401916967019442 0.7316753261016784 0.7230431840615101 0.7142966364270212 0.705437067145954 0.6964658780492221 0.6873844886291113 0.6781943358146668 0.6688968737443407 0.6594935735358964 0.6499859230536466 0.6403754266730266 0.6306636050425573 0.6208519948432444 0.6109421485454231 0.6009356341631239 0.5908340350059583 0.5806389494286066 0.5703519905779019 0.5599747861375965 0.5495089780708066 0.5389562223602162 0.5283181887460521 0.5175965604618784 0.5067930339682734 0.4959093186843895 0.4849471367174887 0.4739082225904434 0.4627943229673001 0.4516071963768954 0.4403486129346205 0.4290203540623269 0.4176242122064683 0.4061619905544731 0.3946355027494407 0.3830465726031684 0.3713970338075681 0.3596887296445366 0.347923512694284 0.3361032445422171 0.3242297954843712 0.3123050442314906 0.3003308776117509 0.2883091902722231 0.2762418843790749 0.2641308693166077 0.2519780613851259 0.2397853834977358 0.2275547648760832 0.2152881407450903 0.2029874520267623 0.1906546450330647 0.178291671157977 0.1659004865687136 0.1534830518962175 0.1410413319249197 0.1285772952818701 0.1160929141252308 0.1035901638322408 0.09107102268664154 0.07853747156566952 0.06599149362662136 0.05343507399305747 0.04087019944071258 0.02829885808311828 0.01572303905704214 0.003144732207736688 -0.009434072225895469 -0.02201138392622709 -0.03458521281181589 -0.04715356935230506 -0.05971446488320832 -0.07226591192058625 -0.08480592447550926 -0.09733251836830174 -0.1098437115424999 -0.1223375243784562 -0.134811980006584 -0.14726510462014 -0.1596949277875491 -0.1720994827641677 -0.1844768068034918 -0.196824941467704 -0.2091419329375667 -0.2214258323215576 -0.2336746959642517 -0.2458865857538503 -0.2580595694288493 -0.270191720883782 -0.2822811204739707 -0.2943258553192816 -0.3063240196067823 -0.3182737148923082 -0.3301730504008355 -0.3420201433256682 -0.3538131191263373 -0.3655501118252184 -0.3772292643027684 -0.3888487285913867 -0.4004066661678038 -0.4119012482439918 -0.4233306560565343 -0.4346930811543946 -0.4459867256850757 -0.457209802679078 -0.4683605363326602 -0.4794371622888086 -0.49043792791642 -0.5013610925876046 -0.5122049279531137 -0.522967718215801 -0.5336477604021216 -0.544243364631579 -0.5547528543841164 -0.5651745667653927 -0.5755068527698891 -0.5857480775418391 -0.5958966206338967 -0.6059508762635478 -0.6159092535671785 -0.6257701768518055 -0.6355320858443829 -0.6451934359386928 -0.6547526984397337 -0.6642083608056133 -0.6735589268868658 -0.6828029171631883 -0.6919388689775461 -0.7009653367675966 -0.7098808922944283 -0.7186841248685374 -0.7273736415730484 -0.7359480674841024 -0.7444060458884185 -0.7527462384979537 -0.760967325661667 -0.7690680065743156 -0.7770469994822879 -0.7849030418864044 -0.7926348907416841 -0.8002413226540319 -0.8077211340738061 -0.815073141486262 -0.8222961815988087 -0.8293891115250824 -0.8363508089657753 -0.843180172386222 -0.8498761211906856 -0.8564375958933454 -0.8628635582859302 -0.8691529916019984 -0.8753049006778129 -0.8813183121098065 -0.8871922744086039 -0.8929258581495679 -0.8985181561198671 -0.9039682834620155 -0.9092753778138882 -0.9144385994451651 -0.9194571313902051 -0.9243301795773078 -0.9290569729543624 -0.9336367636108461 -0.9380688268961656 -0.9423524615343186 -0.9464869897348521 -0.9504717573001115 -0.9543061337287485 -0.9579895123154888 -0.9615213102471251 -0.9649009686947388 -0.9681279529021184 -0.9712017522703761 -0.9741218804387358 -0.9768878753614924 -0.9794992993811165 -0.9819557392975065 -0.9842568064333687 -0.9864021366957144 -0.9883913906334727 -0.9902242534911984 -0.9919004352588768 -0.9934196707178106 -0.9947817194825852 -0.9959863660391042 -0.9970334197786901 -0.9979227150282431 -0.9986541110764564 -0.9992274921960794 -0.9996427676622299 -0.9998998717667489 -0.9999987638285974 -0.9999394282002937 -0.9997218742703887 -0.9993461364619809 -0.9988122742272693 -0.9981203720381463 -0.9972705393728328 -0.9962629106985544 -0.9950976454502662 -0.9937749280054243 -0.9922949676548137 -0.9906579985694318 -0.9888642797634357 -0.9869140950531602 -0.9848077530122081 -0.9825455869226279 -0.9801279547221767 -0.9775552389476865 -0.9748278466745344 -0.971946209452234 -0.9689107832361498 -0.9657220483153551 -0.9623805092366338 -0.9588866947246498 -0.9552411575982872 -0.9514444746831767 -0.9474972467204301 -0.9434000982715813 -0.9391536776197682 -0.9347586566671513 -0.9302157308286049 -0.9255256189216783 -0.9206890630528638 -0.9157068285001695 -0.9105797035920363 -0.9053084995825971 -0.8998940505233183 -0.8943372131310278 -0.888638866652356 -0.8827999127246202 -0.8768212752331538 -0.8707039001651282 -0.8644487554598652 -0.8580568308556883 -0.8515291377333117 -0.8448667089558187 -0.8380705987052269 -0.8311418823156946 -0.8240816561033649 -0.8168910371929055 -0.8095711633407446 -0.802123192755044 -0.7945483039124445 -0.7868476953715903 -0.779022585583492 -0.7710742126987251 -0.7630038343715283 -0.7548127275607994 -0.7465021883280532 -0.7380735316323396 -0.7295280911221897 -0.7208672189245858 -0.7120922854310257 -0.7032046790806847 -0.6942058061407228 -0.6850970904837819 -0.6758799733626795 -0.6665559131823731 -0.6571263852691891 -0.6475928816373953 -0.6379569107531126 -0.6282199972956437 -0.6183836819162161 -0.6084495209942186 -0.5984190863909278 -0.5882939652008053 -0.5780757595003717 -0.5677660860947081 -0.5573665762616433 -0.5468788754936279 -0.5363046432373838 -0.5256455526313213 -0.514903290240814 -0.5040795557913254 -0.4931760618994759 -0.4821945338020486 -0.471136709083018 -0.460004337398612 -0.4487991802004624 -0.4375230104569054 -0.4261776123724357 -0.4147647811054083 -0.4032863224839818 -0.3917440527203987 -0.3801397981235974 -0.3684753948102515 -0.3567526884142326 -0.3449735337945922 -0.3331397947420585 -0.3212533436841439 -0.30931606138887 -0.2973298366671726 -0.285296566074051 -0.2732181536084663 -0.2610965104120896 -0.2489335544668922 -0.2367312102916813 -0.2244914086375733 -0.2122160861825096 -0.1999071852248055 -0.1875666533758389 -0.17519644325187 -0.1627985121650946 -0.1503748218139379 -0.1379273379726539 -0.1254580301802974 -0.1129688714290733 -0.1004618378521694 -0.08793890841106189 -0.07540206458240319 -0.06285329004448273 -0.05029457036336792 -0.0377278926787181 -0.02515524538937773 -0.01257861783874212 -2.449293598294706e-16

# Created by Octave 3.8.1, Tue Oct 21 00:29:49 2014 CEST <kappa@kappa>
# name: s
# type: matrix
# rows: 1
# columns: 200
 2.449293598294706e-16 0.1265924535737499 0.2511479871810794 0.3716624556603281 0.4861967361004688 0.592907929054641 0.690079011482112 0.7761464642917572 0.8497254299495144 0.9096319953545186 0.9549022414440739 0.9848077530122081 0.998867339183008 0.9968547759519423 0.9788024462147785 0.9450008187146683 0.895993774291336 0.8325698546347713 0.7557495743542582 0.6667690005162915 0.5670598638627706 0.4582265217274103 0.3420201433256687 0.2203105327865406 0.09505604330418219 -0.0317279334980681 -0.1580013959733503 -0.2817325568414301 -0.400930535406614 -0.5136773915734066 -0.6181589862206055 -0.712694171378863 -0.7957618405308323 -0.8660254037844389 -0.9223542941045815 -0.9638421585599423 -0.9898214418809328 -0.9998741276738751 -0.9938384644612541 -0.9718115683235415 -0.9341478602651067 -0.8814533634475819 -0.8145759520503357 -0.734591708657533 -0.6427876096865394 -0.5406408174555973 -0.4297949120891717 -0.3120334456984868 -0.1892512443604095 -0.06342391965656427 0.06342391965656516 0.1892512443604104 0.3120334456984877 0.4297949120891717 0.540640817455598 0.6427876096865394 0.7345917086575335 0.8145759520503357 0.8814533634475822 0.9341478602651067 0.9718115683235418 0.9938384644612541 0.9998741276738751 0.9898214418809328 0.963842158559942 0.9223542941045815 0.866025403784438 0.7957618405308318 0.7126941713788627 0.6181589862206055 0.5136773915734055 0.4009305354066132 0.2817325568414297 0.1580013959733503 0.03172793349806677 -0.09505604330418307 -0.2203105327865406 -0.3420201433256682 -0.4582265217274111 -0.567059863862771 -0.6667690005162915 -0.755749574354259 -0.8325698546347717 -0.895993774291336 -0.9450008187146683 -0.978802446214779 -0.9968547759519424 -0.998867339183008 -0.9848077530122081 -0.9549022414440737 -0.9096319953545182 -0.8497254299495144 -0.7761464642917572 -0.6900790114821114 -0.5929079290546402 -0.4861967361004688 -0.3716624556603264 -0.2511479871810785 -0.126592453573749 -2.449293598294706e-16 -2.449293598294706e-16 0.2511479871810789 0.4861967361004684 0.6900790114821117 0.8497254299495142 0.9549022414440738 0.998867339183008 0.9788024462147786 0.8959937742913362 0.7557495743542582 0.5670598638627714 0.3420201433256687 0.09505604330418356 -0.1580013959733498 -0.4009305354066144 -0.6181589862206051 -0.7957618405308314 -0.9223542941045813 -0.9898214418809328 -0.9938384644612542 -0.9341478602651072 -0.8145759520503359 -0.642787609686539 -0.4297949120891721 -0.18925124436041 0.06342391965656556 0.3120334456984872 0.5406408174555969 0.7345917086575332 0.8814533634475824 0.9718115683235417 0.9998741276738751 0.9638421585599422 0.8660254037844384 0.7126941713788632 0.513677391573406 0.2817325568414301 0.03172793349806726 -0.2203105327865401 -0.4582265217274091 -0.6667690005162898 -0.8325698546347715 -0.9450008187146682 -0.9968547759519425 -0.9848077530122079 -0.9096319953545184 -0.7761464642917575 -0.5929079290546421 -0.3716624556603269 -0.1265924535737495 0.1265924535737516 0.3716624556603288 0.5929079290546408 0.7761464642917565 0.9096319953545178 0.9848077530122077 0.9968547759519423 0.9450008187146687 0.8325698546347703 0.666769000516291 0.4582265217274104 0.2203105327865415 -0.03172793349806579 -0.281732556841427 -0.5136773915734062 -0.712694171378862 -0.8660254037844394 -0.9638421585599423 -0.9998741276738751 -0.971811568323542 -0.8814533634475814 -0.7345917086575331 -0.5406408174555981 -0.3120334456984886 -0.06342391965656348 0.1892512443604103 0.4297949120891709 0.6427876096865379 0.8145759520503362 0.9341478602651067 0.993838464461254 0.9898214418809325 0.9223542941045811 0.7957618405308323 0.6181589862206063 0.4009305354066125 0.1580013959733495 -0.0950560433041821 -0.3420201433256673 -0.5670598638627716 -0.7557495743542584 -0.8959937742913355 -0.9788024462147784 -0.998867339183008 -0.9549022414440739 -0.8497254299495149 -0.6900790114821108 -0.4861967361004681 -0.2511479871810794 -1.224646799147353e-15


